version https://git-lfs.github.com/spec/v1
oid sha256:816a8164b518ee58288aa796d23528c68fbcb3b4f588cf7d9901a236d101cae7
size 77268
